-0.29539 6.7645 1
-7.1789 4.6443 1
3.8213 -9.3101 0
-0.22285 9.4278 1
-7.751 4.8643 1
2.7708 1.8837 1
-0.02755 1.3571 1
-1.4699 -8.4752 0
-4.1883 1.2267 1
2.6667 8.6155 1
9.5554 -8.1281 0
3.2347 2.0555 1
-0.52364 -2.8749 0
-0.48843 3.4204 1
9.1929 -8.2183 0
5.9548 1.8155 1
8.2439 -7.9774 0
-4.1341 -8.9682 0
0.082564 5.3675 1
-4.3403 -5.4928 0
-3.3742 -0.93497 0
4.7477 0.19771 1
-2.3497 8.1097 1
9.3052 2.5653 1
-7.3594 2.366 1
-2.3396 9.8239 1
-4.2635 4.1238 1
0.70412 -6.1358 0
3.7887 -8.9909 0
-6.3113 -9.0868 0
7.7008 6.7959 1
-7.6369 -1.7917 1
-7.5954 1.4419 1
8.9878 -4.8723 1
9.7973 -3.0038 0
-5.8296 3.3165 1
9.4669 2.454 1
-8.7292 -2.5298 0
-6.675 -5.3744 0
-8.9558 8.0351 1
5.8658 -2.5397 1
6.6411 5.0767 1
2.4373 -2.1181 0
-2.8144 -8.223 0
-3.1665 0.97341 1
-0.78905 2.909 1
0.27042 6.2885 1
-8.0563 -0.72573 0
1.7963 -6.2566 0
2.2266 -8.9612 0
1.5145 6.8469 1
-0.0054805 -1.2195 0
-7.0189 -9.4344 0
5.1334 5.9221 1
-4.1289 -7.6959 0
-2.4982 6.5779 1
6.8355 3.3048 0
9.2028 8.8624 1
-7.746 2.9657 1
-0.38392 -8.6696 0
7.9554 -0.055397 1
5.4261 -8.7928 0
-4.7509 3.0214 1
-7.3279 2.7709 1
-2.3011 5.314 1
3.0583 -2.3702 0
-3.9996 -3.1972 0
8.3785 -0.87466 1
-1.1501 -0.91628 0
8.9056 -5.6176 1
7.6481 -9.6025 0
-3.1647 5.3205 1
-3.1439 2.3761 1
-0.93958 -9.7967 0
1.9816 2.0314 1
2.9883 -3.1456 0
-0.13401 4.0355 1
7.7561 -8.8988 0
-8.0328 2.9957 1
5.2814 9.7592 1
-7.4935 -2.7105 1
3.5246 -2.4848 0
7.2692 -4.1605 0
-7.3305 3.453 1
-5.9483 7.3703 1
5.0231 -1.6124 0
-9.9954 -7.0107 1
-4.5233 7.4485 1
2.025 -3.5762 0
-4.3141 -1.2937 1
8.0752 8.5021 1
0.10585 2.5516 1
4.3853 -9.5217 0
1.4987 -9.0693 0
-1.5494 -0.64531 0
-9.5474 -8.6985 0
8.4791 0.68286 1
-2.6641 -2.7211 0
-6.9725 -7.0078 0
-2.984 -3.2807 0
